{
    "w": 1280,
    "h": 720,
    "fl_x": 1110.0849249090438,
    "fl_y": 1113.465064697687,
    "cx": 638.9171075520478,
    "cy": 370.6562486445387,
    "k1": -0.0064431040067648064,
    "k2": -0.003968766715076546,
    "p1": 0.0009152913349585924,
    "p2": 0.0002604340361202458,
    "camera_model": "OPENCV",
    "frames": [
        {
            "file_path": "images/frame_00001.png",
            "transform_matrix": [
                [
                    0.9990560675997502,
                    0.0005303933294386182,
                    -0.04343607343026562,
                    -1.1690730779881717
                ],
                [
                    -0.043369723141652376,
                    -0.044397540417518026,
                    -0.9980721043689635,
                    -2.7945563469455528
                ],
                [
                    -0.002457825612154562,
                    0.9990138022508952,
                    -0.0443326291287726,
                    -2.9940227075237815
                ],
                [
                    0.0,
                    0.0,
                    0.0,
                    1.0
                ]
            ],
            "colmap_im_id": 1
        },
        {
            "file_path": "images/frame_00002.png",
            "transform_matrix": [
                [
                    0.9991888797291077,
                    -0.00011223613710913298,
                    -0.04026872271056182,
                    -1.1807253567698144
                ],
                [
                    -0.040234930042845285,
                    -0.043836134594969545,
                    -0.9982282022204236,
                    -2.773408811409023
                ],
                [
                    -0.0016531878713370823,
                    0.9990387283318006,
                    -0.043805094030726875,
                    -2.9902330555874603
                ],
                [
                    0.0,
                    0.0,
                    0.0,
                    1.0
                ]
            ],
            "colmap_im_id": 2
        },
        {
            "file_path": "images/frame_00003.png",
            "transform_matrix": [
                [
                    0.9993240114533563,
                    -0.0011572429721880878,
                    -0.036744808088703326,
                    -1.1972141641029688
                ],
                [
                    -0.036759737032524144,
                    -0.04482526182051438,
                    -0.99831829475174,
                    -2.7823983414119637
                ],
                [
                    -0.0004917988125124334,
                    0.9989941725012341,
                    -0.04483750040426377,
                    -2.994540954358273
                ],
                [
                    0.0,
                    0.0,
                    0.0,
                    1.0
                ]
            ],
            "colmap_im_id": 3
        },
        {
            "file_path": "images/frame_00004.png",
            "transform_matrix": [
                [
                    0.9993960172899783,
                    -0.002434633517884251,
                    -0.034665158077858325,
                    -1.1863274369245718
                ],
                [
                    -0.0347405762914005,
                    -0.046101540516076636,
                    -0.9983324798487654,
                    -2.783517509869121
                ],
                [
                    0.0008324565278097244,
                    0.9989337918609412,
                    -0.046158276554169216,
                    -3.01534911623537
                ],
                [
                    0.0,
                    0.0,
                    0.0,
                    1.0
                ]
            ],
            "colmap_im_id": 4
        },
        {
            "file_path": "images/frame_00005.png",
            "transform_matrix": [
                [
                    0.999463436619199,
                    -0.0036577293951828285,
                    -0.0325493452624156,
                    -1.1773827293831227
                ],
                [
                    -0.03268262634697263,
                    -0.045700233150724655,
                    -0.9984204197756743,
                    -2.7791416302532883
                ],
                [
                    0.0021644390507684352,
                    0.9989485020288289,
                    -0.04579525628222301,
                    -3.0186488415355384
                ],
                [
                    0.0,
                    0.0,
                    0.0,
                    1.0
                ]
            ],
            "colmap_im_id": 5
        },
        {
            "file_path": "images/frame_00006.png",
            "transform_matrix": [
                [
                    0.9995502574331089,
                    -0.005136681501817777,
                    -0.029544836580263606,
                    -1.1834241314087228
                ],
                [
                    -0.0297458527348838,
                    -0.04486967744560301,
                    -0.9985498967457772,
                    -2.7736314834539297
                ],
                [
                    0.0038035654957166037,
                    0.9989796427100387,
                    -0.04500229261319212,
                    -2.989421680174352
                ],
                [
                    0.0,
                    0.0,
                    0.0,
                    1.0
                ]
            ],
            "colmap_im_id": 6
        },
        {
            "file_path": "images/frame_00007.png",
            "transform_matrix": [
                [
                    0.9996608193045308,
                    -0.006644875443478624,
                    -0.02518118300904938,
                    -1.1977131924854663
                ],
                [
                    -0.025449222210578465,
                    -0.04392480340847915,
                    -0.9987106431466539,
                    -2.773697427158985
                ],
                [
                    0.005530229314520516,
                    0.9990127412980613,
                    -0.044079011874833415,
                    -2.9360958970578075
                ],
                [
                    0.0,
                    0.0,
                    0.0,
                    1.0
                ]
            ],
            "colmap_im_id": 7
        },
        {
            "file_path": "images/frame_00008.png",
            "transform_matrix": [
                [
                    0.9997695693125481,
                    -0.00848623021971065,
                    -0.01971781360242626,
                    -1.20407413624383
                ],
                [
                    -0.020060152014759462,
                    -0.04234810164764336,
                    -0.9989015109549017,
                    -2.7622196142795894
                ],
                [
                    0.007641896214075281,
                    0.9990668757312992,
                    -0.042508578413708066,
                    -2.8776351431937734
                ],
                [
                    0.0,
                    0.0,
                    0.0,
                    1.0
                ]
            ],
            "colmap_im_id": 8
        },
        {
            "file_path": "images/frame_00009.png",
            "transform_matrix": [
                [
                    0.999847361189694,
                    -0.010579344904977453,
                    -0.013904380007297674,
                    -1.2043256587057418
                ],
                [
                    -0.014319337448091248,
                    -0.04021480833338309,
                    -0.9990884474188245,
                    -2.7418066066978297
                ],
                [
                    0.010010539298834175,
                    0.9991350492561508,
                    -0.04036015920255652,
                    -2.800378885276168
                ],
                [
                    0.0,
                    0.0,
                    0.0,
                    1.0
                ]
            ],
            "colmap_im_id": 9
        },
        {
            "file_path": "images/frame_00010.png",
            "transform_matrix": [
                [
                    0.9998981928978232,
                    -0.012867727852452965,
                    -0.006166475458691215,
                    -1.2023233565888365
                ],
                [
                    -0.006658281901255537,
                    -0.038534020103890294,
                    -0.9992351057567764,
                    -2.740246120257339
                ],
                [
                    0.012620266312199905,
                    0.9991744346582073,
                    -0.038615774026438565,
                    -2.719630791902149
                ],
                [
                    0.0,
                    0.0,
                    0.0,
                    1.0
                ]
            ],
            "colmap_im_id": 10
        },
        {
            "file_path": "images/frame_00011.png",
            "transform_matrix": [
                [
                    0.9998786048879801,
                    -0.015556210902157475,
                    0.0008830569823282237,
                    -1.1967418717642218
                ],
                [
                    0.00030426866836330037,
                    -0.03716939829683039,
                    -0.9993089328385035,
                    -2.738425693449464
                ],
                [
                    0.015578283212340636,
                    0.9991878903052314,
                    -0.037160152845984465,
                    -2.643045260755888
                ],
                [
                    0.0,
                    0.0,
                    0.0,
                    1.0
                ]
            ],
            "colmap_im_id": 11
        },
        {
            "file_path": "images/frame_00012.png",
            "transform_matrix": [
                [
                    0.9998093742507851,
                    -0.018423783813090903,
                    0.006463694784093987,
                    -1.1737448269816082
                ],
                [
                    0.0057960410119193275,
                    -0.03606453156289378,
                    -0.9993326550612349,
                    -2.7375329390255807
                ],
                [
                    0.018644598918764205,
                    0.999179620365206,
                    -0.03595087172796911,
                    -2.5828985699517863
                ],
                [
                    0.0,
                    0.0,
                    0.0,
                    1.0
                ]
            ],
            "colmap_im_id": 12
        },
        {
            "file_path": "images/frame_00013.png",
            "transform_matrix": [
                [
                    0.9997020002855398,
                    -0.021430489818915387,
                    0.011689513728641313,
                    -1.136607703683033
                ],
                [
                    0.010932755038435653,
                    -0.0350956224763422,
                    -0.9993241576937224,
                    -2.7328448958100773
                ],
                [
                    0.021826256948003924,
                    0.99915415797019,
                    -0.034850869695321564,
                    -2.545462504389426
                ],
                [
                    0.0,
                    0.0,
                    0.0,
                    1.0
                ]
            ],
            "colmap_im_id": 13
        },
        {
            "file_path": "images/frame_00014.png",
            "transform_matrix": [
                [
                    0.9995366764834256,
                    -0.024839550353852335,
                    0.017590596996296375,
                    -1.0821126748306935
                ],
                [
                    0.016717260647837337,
                    -0.034939516009478394,
                    -0.999249600158767,
                    -2.7402061112608087
                ],
                [
                    0.025435517704578886,
                    0.999080690915024,
                    -0.03450807847241305,
                    -2.523168104579388
                ],
                [
                    0.0,
                    0.0,
                    0.0,
                    1.0
                ]
            ],
            "colmap_im_id": 14
        },
        {
            "file_path": "images/frame_00015.png",
            "transform_matrix": [
                [
                    0.9993237089801336,
                    -0.028239574200791477,
                    0.02355103223103709,
                    -1.0412197691758172
                ],
                [
                    0.022585696963370788,
                    -0.03402881140779729,
                    -0.9991656150442986,
                    -2.735280519703338
                ],
                [
                    0.029017425159171835,
                    0.9990218047886297,
                    -0.03336798756295176,
                    -2.523681814362545
                ],
                [
                    0.0,
                    0.0,
                    0.0,
                    1.0
                ]
            ],
            "colmap_im_id": 15
        },
        {
            "file_path": "images/frame_00016.png",
            "transform_matrix": [
                [
                    0.9990509789675319,
                    -0.03186512258053742,
                    0.029694366249230837,
                    -1.0147164293505937
                ],
                [
                    0.02865858022421213,
                    -0.03248408507843271,
                    -0.9990612944139861,
                    -2.740676172763967
                ],
                [
                    0.03279980493156221,
                    0.9989641626102234,
                    -0.03154004782664411,
                    -2.5285639701009073
                ],
                [
                    0.0,
                    0.0,
                    0.0,
                    1.0
                ]
            ],
            "colmap_im_id": 16
        },
        {
            "file_path": "images/frame_00017.png",
            "transform_matrix": [
                [
                    0.9987139579200821,
                    -0.03596962855420047,
                    0.03572976458469078,
                    -0.9873848447092416
                ],
                [
                    0.034647118856976994,
                    -0.03028533420969272,
                    -0.9989406267074724,
                    -2.721791154854111
                ],
                [
                    0.037013611152049014,
                    0.9988938804264847,
                    -0.02900014199973598,
                    -2.553443083887818
                ],
                [
                    0.0,
                    0.0,
                    0.0,
                    1.0
                ]
            ],
            "colmap_im_id": 17
        },
        {
            "file_path": "images/frame_00018.png",
            "transform_matrix": [
                [
                    0.9983198370749766,
                    -0.040399904677664654,
                    0.041537339883865904,
                    -0.9495819748937054
                ],
                [
                    0.04042918415901541,
                    -0.027870702538364215,
                    -0.9987936248336063,
                    -2.729293289841784
                ],
                [
                    0.041508842080075006,
                    0.9987948095790514,
                    -0.026190540031044922,
                    -2.570764430251996
                ],
                [
                    0.0,
                    0.0,
                    0.0,
                    1.0
                ]
            ],
            "colmap_im_id": 18
        },
        {
            "file_path": "images/frame_00019.png",
            "transform_matrix": [
                [
                    0.9978553305206723,
                    -0.044956765495345254,
                    0.047577605947295154,
                    -0.908333683967561
                ],
                [
                    0.04645990676760366,
                    -0.025588328711733554,
                    -0.9985923665324534,
                    -2.7182037994520907
                ],
                [
                    0.04611091426793808,
                    0.9986611670981989,
                    -0.023444763070631737,
                    -2.600399721246376
                ],
                [
                    0.0,
                    0.0,
                    0.0,
                    1.0
                ]
            ],
            "colmap_im_id": 19
        },
        {
            "file_path": "images/frame_00020.png",
            "transform_matrix": [
                [
                    0.9973254262950113,
                    -0.04968857336298697,
                    0.053600743862609816,
                    -0.8854263335054128
                ],
                [
                    0.05247218847375287,
                    -0.023746296992079148,
                    -0.9983400136305963,
                    -2.7284600871216598
                ],
                [
                    0.050878910191247184,
                    0.9984824280157939,
                    -0.021075517584058727,
                    -2.6212532284906005
                ],
                [
                    0.0,
                    0.0,
                    0.0,
                    1.0
                ]
            ],
            "colmap_im_id": 20
        },
        {
            "file_path": "images/frame_00021.png",
            "transform_matrix": [
                [
                    0.9966968084356185,
                    -0.05466691781889706,
                    0.06005830625678677,
                    -0.8761634702679337
                ],
                [
                    0.05894242748596577,
                    -0.021802181688786695,
                    -0.9980232738346689,
                    -2.73611824189922
                ],
                [
                    0.055868258396997716,
                    0.9982665941369523,
                    -0.018507964066725596,
                    -2.621908074581574
                ],
                [
                    0.0,
                    0.0,
                    0.0,
                    1.0
                ]
            ],
            "colmap_im_id": 21
        },
        {
            "file_path": "images/frame_00022.png",
            "transform_matrix": [
                [
                    0.9959384355800706,
                    -0.05995663232333674,
                    0.06717019260628834,
                    -0.8738210118619032
                ],
                [
                    0.06611811771935906,
                    -0.019364228944289727,
                    -0.9976238876182959,
                    -2.7458154039817604
                ],
                [
                    0.061114867614768184,
                    0.9980131406338482,
                    -0.015321360206979528,
                    -2.5952018478276293
                ],
                [
                    0.0,
                    0.0,
                    0.0,
                    1.0
                ]
            ],
            "colmap_im_id": 22
        },
        {
            "file_path": "images/frame_00023.png",
            "transform_matrix": [
                [
                    0.9950669624908438,
                    -0.06559142268624968,
                    0.07442785385350927,
                    -0.8731181581057513
                ],
                [
                    0.07344367091112725,
                    -0.017293729749394082,
                    -0.9971494141373461,
                    -2.7375693620665844
                ],
                [
                    0.06669158389439889,
                    0.9976966934802122,
                    -0.01239114426950555,
                    -2.5377504933000816
                ],
                [
                    0.0,
                    0.0,
                    0.0,
                    1.0
                ]
            ],
            "colmap_im_id": 23
        },
        {
            "file_path": "images/frame_00024.png",
            "transform_matrix": [
                [
                    0.9941363429654331,
                    -0.07121901417031998,
                    0.08136819781660679,
                    -0.8626438919988593
                ],
                [
                    0.08047359295626896,
                    -0.01534650287527274,
                    -0.9966385933156551,
                    -2.7002784613946025
                ],
                [
                    0.07222833538178372,
                    0.9973426376477177,
                    -0.00952526628864307,
                    -2.489757433461876
                ],
                [
                    0.0,
                    0.0,
                    0.0,
                    1.0
                ]
            ],
            "colmap_im_id": 24
        },
        {
            "file_path": "images/frame_00025.png",
            "transform_matrix": [
                [
                    0.9929591213120199,
                    -0.07733561002962389,
                    0.0897295203631851,
                    -0.8570905904275092
                ],
                [
                    0.08893768775073008,
                    -0.0136299804172418,
                    -0.9959439298130088,
                    -2.689814752312276
                ],
                [
                    0.07824494297278864,
                    0.9969119454872489,
                    -0.006655963041777542,
                    -2.449615954477058
                ],
                [
                    0.0,
                    0.0,
                    0.0,
                    1.0
                ]
            ],
            "colmap_im_id": 25
        },
        {
            "file_path": "images/frame_00026.png",
            "transform_matrix": [
                [
                    0.9915526827689826,
                    -0.08359562460300618,
                    0.09917181475029524,
                    -0.831355455182485
                ],
                [
                    0.09854655147658317,
                    -0.011583225071196586,
                    -0.9950650260606204,
                    -2.6772847673892475
                ],
                [
                    0.08433181182511587,
                    0.9964324364673118,
                    -0.003247317371304644,
                    -2.4208393996331474
                ],
                [
                    0.0,
                    0.0,
                    0.0,
                    1.0
                ]
            ],
            "colmap_im_id": 26
        },
        {
            "file_path": "images/frame_00027.png",
            "transform_matrix": [
                [
                    0.9901332222363349,
                    -0.0899048379016661,
                    0.10748638214103215,
                    -0.7867406319426373
                ],
                [
                    0.1071254080537121,
                    -0.008844898809763347,
                    -0.9942061731423573,
                    -2.63257133795424
                ],
                [
                    0.0903346510106644,
                    0.995911084327773,
                    0.0008734642873535158,
                    -2.4035661587482124
                ],
                [
                    0.0,
                    0.0,
                    0.0,
                    1.0
                ]
            ],
            "colmap_im_id": 27
        },
        {
            "file_path": "images/frame_00028.png",
            "transform_matrix": [
                [
                    0.9884817935373118,
                    -0.09636284184343487,
                    0.11669595775825536,
                    -0.7318672698852967
                ],
                [
                    0.11663461441336166,
                    -0.006288514840986514,
                    -0.9931549835256034,
                    -2.6114054896202816
                ],
                [
                    0.09643708086574279,
                    0.9953264074126396,
                    0.005023160473480423,
                    -2.35930197865278
                ],
                [
                    0.0,
                    0.0,
                    0.0,
                    1.0
                ]
            ],
            "colmap_im_id": 28
        },
        {
            "file_path": "images/frame_00029.png",
            "transform_matrix": [
                [
                    0.9864948853963295,
                    -0.10322120548242963,
                    0.1271739903661007,
                    -0.6617234828594598
                ],
                [
                    0.12737291571416479,
                    -0.004689016066870084,
                    -0.9918438150590025,
                    -2.624327298506332
                ],
                [
                    0.10297563512479688,
                    0.994647372623624,
                    0.008521895538319436,
                    -2.3120493146550003
                ],
                [
                    0.0,
                    0.0,
                    0.0,
                    1.0
                ]
            ],
            "colmap_im_id": 29
        },
        {
            "file_path": "images/frame_00030.png",
            "transform_matrix": [
                [
                    0.9846985808338785,
                    -0.11009376862886708,
                    0.1350854063651558,
                    -0.5854663753542892
                ],
                [
                    0.13558786747107462,
                    -0.002944443594204736,
                    -0.9907609502027049,
                    -2.574875865480753
                ],
                [
                    0.10947435817757555,
                    0.9939168437857436,
                    0.01202798988168317,
                    -2.2755823319043254
                ],
                [
                    0.0,
                    0.0,
                    0.0,
                    1.0
                ]
            ],
            "colmap_im_id": 30
        },
        {
            "file_path": "images/frame_00031.png",
            "transform_matrix": [
                [
                    0.9830292415317295,
                    -0.11689005880167337,
                    0.14138679021356343,
                    -0.5318783991439142
                ],
                [
                    0.14228354405095536,
                    -0.0006792305581424661,
                    -0.9898257077577591,
                    -2.510375356116785
                ],
                [
                    0.11579681941164317,
                    0.9931446283392918,
                    0.015963828330230707,
                    -2.2252692824274285
                ],
                [
                    0.0,
                    0.0,
                    0.0,
                    1.0
                ]
            ],
            "colmap_im_id": 31
        },
        {
            "file_path": "images/frame_00032.png",
            "transform_matrix": [
                [
                    0.9812866689418939,
                    -0.1239044874650096,
                    0.1473911508298758,
                    -0.47740097001879356
                ],
                [
                    0.148606594171752,
                    0.0005739631356491828,
                    -0.9888962284966968,
                    -2.470822580173631
                ],
                [
                    0.12244408326086699,
                    0.9922939829266083,
                    0.018976246258248224,
                    -2.196792221101235
                ],
                [
                    0.0,
                    0.0,
                    0.0,
                    1.0
                ]
            ],
            "colmap_im_id": 32
        },
        {
            "file_path": "images/frame_00033.png",
            "transform_matrix": [
                [
                    0.9794864131480339,
                    -0.1309887443968773,
                    0.15312842747095876,
                    -0.4188999126328254
                ],
                [
                    0.15469577254222155,
                    0.0018136767297883515,
                    -0.987960489358904,
                    -2.436388397977661
                ],
                [
                    0.12913397854927416,
                    0.9913821964399245,
                    0.022039876723480987,
                    -2.1823705365524315
                ],
                [
                    0.0,
                    0.0,
                    0.0,
                    1.0
                ]
            ],
            "colmap_im_id": 33
        },
        {
            "file_path": "images/frame_00034.png",
            "transform_matrix": [
                [
                    0.9774162969286645,
                    -0.13814606575196087,
                    0.1599157497418919,
                    -0.361658212456914
                ],
                [
                    0.1619523056969521,
                    0.0035557403331089453,
                    -0.9867921804463818,
                    -2.4204251943974104
                ],
                [
                    0.1357528385622101,
                    0.990405483238021,
                    0.025848512420720088,
                    -2.1720074409630903
                ],
                [
                    0.0,
                    0.0,
                    0.0,
                    1.0
                ]
            ],
            "colmap_im_id": 34
        },
        {
            "file_path": "images/frame_00035.png",
            "transform_matrix": [
                [
                    0.975216265027434,
                    -0.14538001435054052,
                    0.16678695348671055,
                    -0.3214492102075489
                ],
                [
                    0.16928220823762502,
                    0.0048765591908848625,
                    -0.9855555555850979,
                    -2.3986158751133946
                ],
                [
                    0.14246673436327117,
                    0.9893638716861934,
                    0.02936594970319709,
                    -2.1659980538995116
                ],
                [
                    0.0,
                    0.0,
                    0.0,
                    1.0
                ]
            ],
            "colmap_im_id": 35
        },
        {
            "file_path": "images/frame_00036.png",
            "transform_matrix": [
                [
                    0.9724010476480874,
                    -0.15273350831665364,
                    0.17637652329657869,
                    -0.30106143791722834
                ],
                [
                    0.17923547268909504,
                    0.005046216458226258,
                    -0.9837932613254542,
                    -2.4285297556819585
                ],
                [
                    0.14936816214581508,
                    0.988254527506322,
                    0.03228220872923746,
                    -2.1547195730776614
                ],
                [
                    0.0,
                    0.0,
                    0.0,
                    1.0
                ]
            ],
            "colmap_im_id": 36
        },
        {
            "file_path": "images/frame_00037.png",
            "transform_matrix": [
                [
                    0.9697796159032203,
                    -0.15992292387205073,
                    0.18426110549656696,
                    -0.2902548147234003
                ],
                [
                    0.18758916390574726,
                    0.00583604435209513,
                    -0.982230240916794,
                    -2.4369008938779197
                ],
                [
                    0.1560057760589184,
                    0.9871122524852658,
                    0.035659484428689416,
                    -2.142809148755719
                ],
                [
                    0.0,
                    0.0,
                    0.0,
                    1.0
                ]
            ],
            "colmap_im_id": 37
        },
        {
            "file_path": "images/frame_00038.png",
            "transform_matrix": [
                [
                    0.9673516217486212,
                    -0.16732661443086103,
                    0.1903487431096363,
                    -0.27656742092282305
                ],
                [
                    0.1941599541281002,
                    0.006566472443697606,
                    -0.980947905677269,
                    -2.448009603407737
                ],
                [
                    0.16288877221369913,
                    0.9858796506383282,
                    0.03884021554988479,
                    -2.1207015752310348
                ],
                [
                    0.0,
                    0.0,
                    0.0,
                    1.0
                ]
            ],
            "colmap_im_id": 38
        },
        {
            "file_path": "images/frame_00039.png",
            "transform_matrix": [
                [
                    0.9648638944253254,
                    -0.1748483966118136,
                    0.1961267534954687,
                    -0.2577468722851801
                ],
                [
                    0.20064898615420726,
                    0.008395010341951288,
                    -0.9796272291829414,
                    -2.4578266678823857
                ],
                [
                    0.1696397641759832,
                    0.9845595776811256,
                    0.04318319588312516,
                    -2.112041498231129
                ],
                [
                    0.0,
                    0.0,
                    0.0,
                    1.0
                ]
            ],
            "colmap_im_id": 39
        },
        {
            "file_path": "images/frame_00040.png",
            "transform_matrix": [
                [
                    0.9621748725747803,
                    -0.18236318210538666,
                    0.20239363724708076,
                    -0.24312979429352277
                ],
                [
                    0.20761136719700363,
                    0.009785895223874599,
                    -0.9781624386906596,
                    -2.484451773621908
                ],
                [
                    0.17640021200751502,
                    0.9831825395454624,
                    0.04727641205335716,
                    -2.098618919470949
                ],
                [
                    0.0,
                    0.0,
                    0.0,
                    1.0
                ]
            ],
            "colmap_im_id": 40
        },
        {
            "file_path": "images/frame_00041.png",
            "transform_matrix": [
                [
                    0.9591481121352424,
                    -0.1900284249802593,
                    0.20958076411474955,
                    -0.22379704268280143
                ],
                [
                    0.21545493141322744,
                    0.010559745668286038,
                    -0.9764566883897833,
                    -2.535089815234557
                ],
                [
                    0.18334140699013357,
                    0.9817217984087666,
                    0.051070921393050306,
                    -2.082690209341967
                ],
                [
                    0.0,
                    0.0,
                    0.0,
                    1.0
                ]
            ],
            "colmap_im_id": 41
        },
        {
            "file_path": "images/frame_00042.png",
            "transform_matrix": [
                [
                    0.9562827592293491,
                    -0.1978140186874662,
                    0.2153901075059335,
                    -0.19648572536858774
                ],
                [
                    0.22209389004972346,
                    0.01208144846275586,
                    -0.9749504308453959,
                    -2.5384616759386907
                ],
                [
                    0.19025663826338401,
                    0.9801651149748987,
                    0.05548656578811942,
                    -2.081392860683816
                ],
                [
                    0.0,
                    0.0,
                    0.0,
                    1.0
                ]
            ],
            "colmap_im_id": 42
        },
        {
            "file_path": "images/frame_00043.png",
            "transform_matrix": [
                [
                    0.953416927035913,
                    -0.20567808243355387,
                    0.2206642011017031,
                    -0.15465797030710407
                ],
                [
                    0.22833971774402617,
                    0.014054735734155952,
                    -0.9734800653860466,
                    -2.5300635964969094
                ],
                [
                    0.1971221361034196,
                    0.978518773866858,
                    0.060364498242971035,
                    -2.085286273672545
                ],
                [
                    0.0,
                    0.0,
                    0.0,
                    1.0
                ]
            ],
            "colmap_im_id": 43
        },
        {
            "file_path": "images/frame_00044.png",
            "transform_matrix": [
                [
                    0.9506014520470463,
                    -0.2137056154619584,
                    0.2251372676525873,
                    -0.10685886913284401
                ],
                [
                    0.23377477409871267,
                    0.01570529501074481,
                    -0.9721639258395269,
                    -2.50141055256599
                ],
                [
                    0.20422104289505286,
                    0.9767718534174964,
                    0.06488845822028694,
                    -2.086645948558939
                ],
                [
                    0.0,
                    0.0,
                    0.0,
                    1.0
                ]
            ],
            "colmap_im_id": 44
        },
        {
            "file_path": "images/frame_00045.png",
            "transform_matrix": [
                [
                    0.9477564478558277,
                    -0.22177390904651928,
                    0.22929031556943258,
                    -0.043562760408490074
                ],
                [
                    0.23889254370496973,
                    0.01711237514899177,
                    -0.9708952153445446,
                    -2.4651845750927626
                ],
                [
                    0.21139552528346695,
